# x y
-10  -6.00
-9  -5.00
-8  -4.00
-7  -3.00
-6  -2.00
-5  -1.00
-4   0.00
-3   1.00
-2   2.00
-1   3.00
0   4.00
1   5.00
2   6.00
3   7.00
4   8.00
5   9.00
6  10.00
7  11.00
8  12.00
9  13.00
10  14.00
11  15.00
12  16.00
13  17.00
14  18.00
15  19.00
16  20.00
17  21.00
18  22.00
19  23.00
20  24.00
21  25.00
22  26.00
23  27.00
24  28.00
25  29.00
26  30.00
27  31.00
28  32.00
29  33.00
30  34.00
31  35.00
32  36.00
33  37.00
34  38.00
35  39.00
36  40.00
37  41.00
38  42.00
39  43.00
40  44.00
41  45.00
42  46.00
43  47.00
44  48.00
45  49.00
46  50.00
47  51.00
48  52.00
49  53.00
50  54.00
51  55.00
52  56.00
53  57.00
54  58.00
55  59.00
56  60.00
57  61.00
58  62.00
59  63.00
60  64.00
61  65.00
62  66.00
63  67.00
64  68.00
65  69.00
66  70.00
67  71.00
68  72.00
69  73.00
70  74.00
71  75.00
72  76.00
73  77.00
74  78.00
75  79.00
76  80.00
77  81.00
78  82.00
79  83.00
80  84.00
81  85.00
82  86.00
83  87.00
84  88.00
85  89.00
86  90.00
87  91.00
88  92.00
89  93.00
90  94.00
91  95.00
92  96.00
93  97.00
94  98.00
95  99.00
96 100.00
97 101.00
98 102.00
99 103.00
100 104.00
